2	12	5	1
2	13	68	1
3	18	41	1
3	31	50	1
3	21	58	1
3	14	61	1
7	31	7	1
7	14	63	1
5	8	6	1
5	17	10	1
5	11	15	1
5	35	18	1
5	15	32	1
5	35	37	1
5	1	39	1
5	12	43	1
5	18	80	1
0	20	12	1
0	21	12	1
0	21	13	1
0	24	16	1
0	34	16	1
0	17	17	1
0	24	17	1
0	28	17	1
0	30	17	1
0	31	17	1
0	33	17	1
0	2	20	1
0	3	20	1
0	4	20	1
0	7	20	1
0	11	20	1
0	24	20	1
0	1	21	1
0	2	21	1
0	3	21	1
0	5	21	1
0	7	21	1
0	10	21	1
0	11	21	1
0	14	23	1
0	30	25	1
0	21	28	1
0	25	28	1
0	22	32	1
0	14	33	1
0	32	35	1
0	19	37	1
0	31	37	1
0	21	39	1
0	2	46	1
0	12	47	1
0	24	49	1
0	26	50	1
0	25	51	1
0	29	57	1
0	7	58	1
0	16	58	1
0	14	59	1
0	7	60	1
0	22	61	1
0	31	61	1
0	2	62	1
0	22	63	1
1	7	1	1
1	11	1	1
1	16	1	1
1	34	1	1
1	15	2	1
1	8	12	1
1	18	18	1
1	15	20	1
1	23	21	1
1	11	24	1
1	4	26	1
1	30	26	1
1	34	28	1
1	19	30	1
1	26	32	1
1	16	33	1
1	12	36	1
1	29	36	1
1	14	37	1
1	21	38	1
1	25	39	1
1	8	40	1
1	1	41	1
1	4	45	1
1	25	45	1
1	12	46	1
1	8	48	1
1	31	48	1
1	20	58	1
1	23	58	1
1	2	59	1
1	26	62	1
1	9	63	1
1	7	70	1
1	12	70	1
1	15	70	1
1	16	70	1
1	19	70	1
1	22	70	1
1	34	70	1
2	28	1	1
2	34	1	1
2	15	9	1
2	8	10	1
2	15	10	1
2	18	26	1
2	20	26	1
2	12	27	1
2	15	27	1
2	16	27	1
2	31	27	1
2	33	27	1
2	25	28	1
2	26	28	1
2	28	28	1
2	29	28	1
2	30	28	1
2	31	28	1
2	28	29	1
2	31	29	1
2	32	29	1
2	20	37	1
2	30	38	1
2	3	40	1
2	6	40	1
2	10	40	1
2	11	40	1
2	25	40	1
2	4	41	1
2	5	41	1
2	7	41	1
2	28	41	1
2	32	41	1
2	33	41	1
2	34	41	1
2	3	42	1
2	4	42	1
2	8	42	1
2	7	43	1
2	10	43	1
2	29	44	1
2	30	45	1
2	32	45	1
2	14	52	1
2	15	52	1
2	16	52	1
2	18	52	1
2	19	52	1
2	12	53	1
2	16	53	1
2	17	53	1
2	18	53	1
2	19	53	1
2	23	53	1
2	6	54	1
2	14	54	1
2	6	55	1
2	6	58	1
2	7	58	1
2	6	59	1
2	7	59	1
2	10	61	1
2	3	65	1
2	2	66	1
2	18	70	1
3	32	7	1
3	34	7	1
3	31	8	1
3	32	8	1
3	33	8	1
3	34	8	1
3	32	9	1
3	33	9	1
3	34	9	1
3	31	10	1
3	32	10	1
3	33	10	1
3	34	10	1
3	32	12	1
3	33	12	1
3	15	13	1
3	31	13	1
3	32	13	1
3	33	13	1
3	34	13	1
3	32	14	1
3	33	14	1
3	28	23	1
3	14	28	1
3	16	28	1
3	17	28	1
3	16	30	1
3	17	30	1
3	17	31	1
3	34	31	1
3	3	34	1
3	10	34	1
3	21	35	1
3	24	39	1
3	4	40	1
3	5	40	1
3	8	40	1
3	17	43	1
3	23	43	1
3	13	46	1
3	12	47	1
3	16	47	1
3	18	47	1
3	20	47	1
3	21	47	1
3	24	52	1
3	31	52	1
3	1	54	1
3	1	57	1
3	3	58	1
3	20	58	1
3	14	59	1
3	17	59	1
3	19	59	1
3	14	60	1
3	15	60	1
3	16	60	1
3	18	60	1
3	19	60	1
3	20	60	1
3	15	61	1
3	18	61	1
3	19	62	1
3	16	63	1
3	17	63	1
3	18	63	1
3	22	63	1
3	16	64	1
3	18	64	1
3	27	64	1
3	28	64	1
3	21	65	1
3	16	67	1
3	17	67	1
3	34	68	1
7	3	1	1
7	5	1	1
7	10	1	1
7	11	1	1
7	21	1	1
7	26	1	1
7	30	1	1
7	31	1	1
7	33	1	1
7	34	1	1
7	19	12	1
7	15	13	1
7	16	13	1
7	1	24	1
7	12	24	1
7	13	24	1
7	15	24	1
7	15	30	1
7	16	30	1
7	22	32	1
7	16	33	1
7	12	34	1
7	13	34	1
7	14	34	1
7	15	34	1
7	16	34	1
7	17	34	1
7	18	34	1
7	19	34	1
7	20	34	1
7	21	34	1
7	22	34	1
7	23	34	1
7	12	35	1
7	13	35	1
7	15	35	1
7	16	35	1
7	17	35	1
7	18	35	1
7	19	35	1
7	21	35	1
7	22	35	1
7	23	35	1
7	26	40	1
7	28	61	1
7	30	62	1
7	24	63	1
7	28	63	1
7	34	63	1
7	2	64	1
7	11	64	1
7	21	64	1
7	4	65	1
7	27	65	1
7	1	70	1
7	2	70	1
7	3	70	1
7	4	70	1
7	5	70	1
7	6	70	1
7	11	70	1
7	12	70	1
7	14	70	1
7	15	70	1
7	16	70	1
7	17	70	1
7	19	70	1
7	21	70	1
7	23	70	1
7	24	70	1
7	26	70	1
7	27	70	1
7	28	70	1
7	29	70	1
7	30	70	1
7	31	70	1
7	32	70	1
7	33	70	1
7	34	70	1
6	3	1	1
6	4	1	1
6	9	1	1
6	12	1	1
6	14	1	1
6	15	1	1
6	17	1	1
6	19	1	1
6	20	1	1
6	23	1	1
6	25	1	1
6	26	1	1
6	28	1	1
6	29	1	1
6	31	1	1
6	33	1	1
6	34	1	1
6	11	12	1
6	23	13	1
6	8	15	1
6	4	19	1
6	1	20	1
6	5	20	1
6	7	20	1
6	9	20	1
6	4	21	1
6	5	21	1
6	2	26	1
6	19	26	1
6	24	26	1
6	26	26	1
6	27	26	1
6	28	26	1
6	30	26	1
6	32	26	1
6	9	27	1
6	28	27	1
6	31	27	1
6	32	27	1
6	15	30	1
6	10	32	1
6	8	35	1
6	7	36	1
6	15	36	1
6	6	38	1
6	3	40	1
6	34	40	1
6	34	41	1
6	31	42	1
6	31	43	1
6	3	44	1
6	11	46	1
6	24	46	1
6	30	46	1
6	14	47	1
6	18	47	1
6	19	47	1
6	25	47	1
6	2	48	1
6	11	48	1
6	4	49	1
6	7	49	1
6	23	52	1
6	22	55	1
6	13	58	1
6	28	58	1
6	29	58	1
6	3	59	1
6	28	59	1
6	20	60	1
6	22	60	1
6	27	60	1
6	9	61	1
6	13	61	1
6	16	61	1
6	26	61	1
6	27	61	1
6	7	63	1
6	26	63	1
6	27	63	1
6	26	68	1
6	27	68	1
6	27	69	1
6	1	70	1
6	2	70	1
6	3	70	1
6	4	70	1
6	5	70	1
6	6	70	1
6	7	70	1
6	8	70	1
6	9	70	1
6	10	70	1
6	11	70	1
6	13	70	1
6	16	70	1
6	17	70	1
6	18	70	1
6	19	70	1
6	20	70	1
6	21	70	1
6	22	70	1
6	23	70	1
6	24	70	1
6	25	70	1
6	27	70	1
6	28	70	1
6	29	70	1
6	30	70	1
6	31	70	1
6	32	70	1
6	34	70	1
5	1	1	1
5	2	1	1
5	3	1	1
5	4	1	1
5	5	1	1
5	6	1	1
5	7	1	1
5	8	1	1
5	9	1	1
5	10	1	1
5	18	1	1
5	2	2	1
5	4	2	1
5	5	2	1
5	8	2	1
5	9	2	1
5	10	2	1
5	17	2	1
5	1	3	1
5	2	3	1
5	3	3	1
5	4	3	1
5	6	3	1
5	7	3	1
5	8	3	1
5	9	3	1
5	17	3	1
5	2	4	1
5	5	4	1
5	6	4	1
5	7	4	1
5	8	4	1
5	9	4	1
5	10	4	1
5	33	4	1
5	42	4	1
5	1	5	1
5	2	5	1
5	3	5	1
5	4	5	1
5	7	5	1
5	8	5	1
5	9	5	1
5	10	5	1
5	11	5	1
5	1	6	1
5	2	6	1
5	5	6	1
5	10	6	1
5	11	6	1
5	33	6	1
5	1	7	1
5	2	7	1
5	3	7	1
5	4	7	1
5	10	7	1
5	11	7	1
5	27	7	1
5	1	8	1
5	2	8	1
5	4	8	1
5	5	8	1
5	7	8	1
5	8	8	1
5	10	8	1
5	1	9	1
5	3	9	1
5	4	9	1
5	5	9	1
5	6	9	1
5	7	9	1
5	8	9	1
5	1	10	1
5	2	10	1
5	3	10	1
5	4	10	1
5	1	11	1
5	2	11	1
5	3	11	1
5	4	11	1
5	5	11	1
5	7	11	1
5	8	11	1
5	17	11	1
5	21	11	1
5	37	11	1
5	1	12	1
5	2	12	1
5	3	12	1
5	4	12	1
5	5	12	1
5	6	12	1
5	7	12	1
5	8	12	1
5	9	12	1
5	12	12	1
5	13	12	1
5	14	12	1
5	15	12	1
5	16	12	1
5	17	12	1
5	18	12	1
5	19	12	1
5	20	12	1
5	21	12	1
5	22	12	1
5	23	12	1
5	36	12	1
5	37	12	1
5	1	13	1
5	2	13	1
5	3	13	1
5	5	13	1
5	6	13	1
5	8	13	1
5	10	13	1
5	12	13	1
5	13	13	1
5	14	13	1
5	15	13	1
5	16	13	1
5	17	13	1
5	18	13	1
5	19	13	1
5	20	13	1
5	21	13	1
5	22	13	1
5	23	13	1
5	32	13	1
5	35	13	1
5	36	13	1
5	37	13	1
5	1	14	1
5	2	14	1
5	3	14	1
5	4	14	1
5	5	14	1
5	6	14	1
5	7	14	1
5	9	14	1
5	10	14	1
5	11	14	1
5	12	14	1
5	13	14	1
5	14	14	1
5	16	14	1
5	1	15	1
5	2	15	1
5	3	15	1
5	5	15	1
5	6	15	1
5	10	15	1
5	12	15	1
5	13	15	1
5	14	15	1
5	16	15	1
5	20	15	1
5	36	15	1
5	1	16	1
5	2	16	1
5	3	16	1
5	4	16	1
5	5	16	1
5	6	16	1
5	7	16	1
5	8	16	1
5	10	16	1
5	11	16	1
5	12	16	1
5	13	16	1
5	14	16	1
5	15	16	1
5	16	16	1
5	17	16	1
5	18	16	1
5	19	16	1
5	20	16	1
5	21	16	1
5	22	16	1
5	23	16	1
5	1	17	1
5	2	17	1
5	3	17	1
5	4	17	1
5	5	17	1
5	6	17	1
5	7	17	1
5	8	17	1
5	9	17	1
5	10	17	1
5	11	17	1
5	12	17	1
5	13	17	1
5	14	17	1
5	16	17	1
5	17	17	1
5	18	17	1
5	19	17	1
5	20	17	1
5	21	17	1
5	23	17	1
5	2	18	1
5	4	18	1
5	5	18	1
5	6	18	1
5	7	18	1
5	8	18	1
5	9	18	1
5	10	18	1
5	11	18	1
5	15	18	1
5	16	18	1
5	38	18	1
5	1	19	1
5	2	19	1
5	4	19	1
5	5	19	1
5	6	19	1
5	7	19	1
5	9	19	1
5	10	19	1
5	11	19	1
5	21	19	1
5	1	20	1
5	3	20	1
5	4	20	1
5	5	20	1
5	6	20	1
5	9	20	1
5	11	20	1
5	12	20	1
5	14	20	1
5	1	21	1
5	2	21	1
5	3	21	1
5	4	21	1
5	5	21	1
5	6	21	1
5	7	21	1
5	8	21	1
5	9	21	1
5	10	21	1
5	11	21	1
5	15	21	1
5	17	21	1
5	18	21	1
5	19	21	1
5	1	22	1
5	2	22	1
5	3	22	1
5	4	22	1
5	5	22	1
5	6	22	1
5	8	22	1
5	9	22	1
5	10	22	1
5	11	22	1
5	12	22	1
5	13	22	1
5	14	22	1
5	15	22	1
5	16	22	1
5	17	22	1
5	18	22	1
5	19	22	1
5	20	22	1
5	21	22	1
5	22	22	1
5	23	22	1
5	1	23	1
5	2	23	1
5	3	23	1
5	4	23	1
5	5	23	1
5	6	23	1
5	8	23	1
5	9	23	1
5	12	23	1
5	13	23	1
5	14	23	1
5	15	23	1
5	16	23	1
5	17	23	1
5	18	23	1
5	19	23	1
5	20	23	1
5	22	23	1
5	23	23	1
5	1	24	1
5	2	24	1
5	3	24	1
5	6	24	1
5	8	24	1
5	2	25	1
5	3	25	1
5	4	25	1
5	5	25	1
5	7	25	1
5	8	25	1
5	9	25	1
5	21	25	1
5	1	26	1
5	2	26	1
5	3	26	1
5	5	26	1
5	6	26	1
5	7	26	1
5	11	26	1
5	2	27	1
5	3	27	1
5	4	27	1
5	5	27	1
5	9	27	1
5	11	27	1
5	1	28	1
5	3	28	1
5	4	28	1
5	7	28	1
5	8	28	1
5	9	28	1
5	10	28	1
5	4	29	1
5	6	29	1
5	8	29	1
5	9	29	1
5	10	29	1
5	1	30	1
5	2	30	1
5	3	30	1
5	4	30	1
5	5	30	1
5	6	30	1
5	7	30	1
5	8	30	1
5	10	30	1
5	1	31	1
5	2	31	1
5	3	31	1
5	4	31	1
5	6	31	1
5	7	31	1
5	9	31	1
5	10	31	1
5	11	31	1
5	2	32	1
5	3	32	1
5	4	32	1
5	5	32	1
5	8	32	1
5	1	33	1
5	2	33	1
5	3	33	1
5	4	33	1
5	5	33	1
5	6	33	1
5	8	33	1
5	9	33	1
5	11	33	1
5	1	34	1
5	3	34	1
5	9	34	1
5	10	34	1
5	1	35	1
5	2	35	1
5	3	35	1
5	4	35	1
5	5	35	1
5	6	35	1
5	9	35	1
5	39	35	1
5	1	36	1
5	3	36	1
5	4	36	1
5	5	36	1
5	6	36	1
5	7	36	1
5	34	36	1
5	1	37	1
5	3	37	1
5	5	37	1
5	7	37	1
5	9	37	1
5	31	37	1
5	3	38	1
5	4	38	1
5	6	38	1
5	7	38	1
5	9	38	1
5	10	38	1
5	11	38	1
5	31	38	1
5	3	39	1
5	4	39	1
5	6	39	1
5	8	39	1
5	9	39	1
5	1	40	1
5	2	40	1
5	3	40	1
5	4	40	1
5	5	40	1
5	6	40	1
5	7	40	1
5	8	40	1
5	9	40	1
5	1	41	1
5	2	41	1
5	4	41	1
5	5	41	1
5	9	41	1
5	10	41	1
5	11	41	1
5	1	42	1
5	2	42	1
5	4	42	1
5	5	42	1
5	6	42	1
5	8	42	1
5	9	42	1
5	1	43	1
5	3	43	1
5	4	43	1
5	5	43	1
5	6	43	1
5	7	43	1
5	8	43	1
5	1	44	1
5	3	44	1
5	4	44	1
5	5	44	1
5	6	44	1
5	8	44	1
5	9	44	1
5	10	44	1
5	1	45	1
5	2	45	1
5	3	45	1
5	5	45	1
5	6	45	1
5	7	45	1
5	8	45	1
5	9	45	1
5	11	45	1
5	1	46	1
5	3	46	1
5	4	46	1
5	5	46	1
5	6	46	1
5	7	46	1
5	9	46	1
5	10	46	1
5	31	46	1
5	1	47	1
5	3	47	1
5	4	47	1
5	5	47	1
5	6	47	1
5	7	47	1
5	9	47	1
5	10	47	1
5	11	47	1
5	45	47	1
5	6	49	1
5	1	51	1
5	4	56	1
5	8	56	1
5	11	56	1
5	1	57	1
5	5	57	1
5	6	57	1
5	7	57	1
5	8	57	1
5	9	57	1
5	10	57	1
5	18	58	1
5	1	62	1
5	39	62	1
5	25	65	1
5	24	66	1
5	25	66	1
5	26	66	1
5	27	66	1
5	28	66	1
5	29	66	1
5	30	66	1
5	31	66	1
5	32	66	1
5	33	66	1
5	34	66	1
5	35	66	1
5	23	67	1
5	24	67	1
5	25	67	1
5	26	67	1
5	27	67	1
5	28	67	1
5	29	67	1
5	30	67	1
5	31	67	1
5	32	67	1
5	33	67	1
5	34	67	1
5	35	67	1
5	24	68	1
5	26	68	1
5	25	69	1
5	13	72	1
5	7	73	1
5	16	73	1
5	32	73	1
5	37	81	1
5	4	82	1
5	12	89	1
5	30	91	1
5	43	91	1
5	12	92	1
5	15	92	1
5	21	93	1
5	42	93	1
5	45	93	1
4	2	1	1
4	14	1	1
4	15	1	1
4	17	1	1
4	19	1	1
4	20	1	1
4	21	1	1
4	23	1	1
4	24	1	1
4	25	1	1
4	27	1	1
4	36	1	1
4	37	1	1
4	38	1	1
4	39	1	1
4	40	1	1
4	41	1	1
4	42	1	1
4	2	2	1
4	12	2	1
4	13	2	1
4	16	2	1
4	17	2	1
4	19	2	1
4	21	2	1
4	23	2	1
4	24	2	1
4	25	2	1
4	37	2	1
4	38	2	1
4	2	3	1
4	8	3	1
4	14	3	1
4	17	3	1
4	19	3	1
4	20	3	1
4	21	3	1
4	25	3	1
4	43	3	1
4	2	4	1
4	10	4	1
4	13	4	1
4	14	4	1
4	16	4	1
4	18	4	1
4	19	4	1
4	20	4	1
4	21	4	1
4	22	4	1
4	24	4	1
4	3	5	1
4	4	5	1
4	12	5	1
4	13	5	1
4	15	5	1
4	16	5	1
4	17	5	1
4	19	5	1
4	21	5	1
4	23	5	1
4	25	5	1
4	28	5	1
4	30	5	1
4	3	6	1
4	4	6	1
4	12	6	1
4	13	6	1
4	15	6	1
4	17	6	1
4	19	6	1
4	20	6	1
4	21	6	1
4	22	6	1
4	24	6	1
4	38	6	1
4	1	7	1
4	3	7	1
4	16	7	1
4	17	7	1
4	18	7	1
4	19	7	1
4	21	7	1
4	22	7	1
4	23	7	1
4	24	7	1
4	1	8	1
4	2	8	1
4	5	8	1
4	6	8	1
4	8	8	1
4	10	8	1
4	12	8	1
4	13	8	1
4	14	8	1
4	15	8	1
4	18	8	1
4	19	8	1
4	22	8	1
4	23	8	1
4	2	9	1
4	3	9	1
4	4	9	1
4	5	9	1
4	7	9	1
4	9	9	1
4	10	9	1
4	11	9	1
4	12	9	1
4	15	9	1
4	16	9	1
4	17	9	1
4	21	9	1
4	22	9	1
4	23	9	1
4	21	10	1
4	4	11	1
4	12	11	1
4	16	11	1
4	17	11	1
4	20	11	1
4	21	11	1
4	22	11	1
4	23	11	1
4	12	12	1
4	13	12	1
4	14	12	1
4	15	12	1
4	16	12	1
4	17	12	1
4	18	12	1
4	20	12	1
4	22	12	1
4	28	12	1
4	35	12	1
4	2	13	1
4	12	13	1
4	17	13	1
4	19	13	1
4	20	13	1
4	22	13	1
4	4	14	1
4	12	14	1
4	18	14	1
4	22	14	1
4	23	14	1
4	20	15	1
4	21	15	1
4	23	15	1
4	29	15	1
4	2	16	1
4	8	16	1
4	12	16	1
4	17	16	1
4	18	16	1
4	22	16	1
4	23	16	1
4	35	16	1
4	38	16	1
4	44	16	1
4	20	17	1
4	23	17	1
4	8	18	1
4	21	18	1
4	22	18	1
4	23	18	1
4	36	18	1
4	42	18	1
4	43	18	1
4	3	19	1
4	7	19	1
4	12	19	1
4	15	19	1
4	16	19	1
4	17	19	1
4	18	19	1
4	20	19	1
4	21	19	1
4	23	19	1
4	43	19	1
4	13	20	1
4	17	20	1
4	18	20	1
4	23	20	1
4	32	20	1
4	42	20	1
4	13	21	1
4	14	21	1
4	15	21	1
4	21	21	1
4	22	21	1
4	23	21	1
4	24	21	1
4	28	21	1
4	41	21	1
4	13	22	1
4	14	22	1
4	19	22	1
4	20	22	1
4	21	22	1
4	23	22	1
4	42	22	1
4	12	23	1
4	13	23	1
4	15	23	1
4	17	23	1
4	18	23	1
4	19	23	1
4	21	23	1
4	22	23	1
4	23	23	1
4	24	23	1
4	41	23	1
4	12	24	1
4	14	24	1
4	16	24	1
4	17	24	1
4	18	24	1
4	19	24	1
4	20	24	1
4	21	24	1
4	22	24	1
4	23	24	1
4	8	25	1
4	13	25	1
4	15	25	1
4	16	25	1
4	17	25	1
4	18	25	1
4	19	25	1
4	20	25	1
4	22	25	1
4	23	25	1
4	13	26	1
4	14	26	1
4	15	26	1
4	16	26	1
4	18	26	1
4	19	26	1
4	20	26	1
4	21	26	1
4	22	26	1
4	23	26	1
4	4	27	1
4	12	27	1
4	13	27	1
4	15	27	1
4	16	27	1
4	18	27	1
4	19	27	1
4	21	27	1
4	22	27	1
4	23	27	1
4	24	27	1
4	3	28	1
4	8	28	1
4	12	28	1
4	14	28	1
4	15	28	1
4	16	28	1
4	18	28	1
4	19	28	1
4	20	28	1
4	21	28	1
4	22	28	1
4	23	28	1
4	13	29	1
4	15	29	1
4	18	29	1
4	19	29	1
4	20	29	1
4	21	29	1
4	22	29	1
4	23	29	1
4	12	30	1
4	13	30	1
4	14	30	1
4	16	30	1
4	17	30	1
4	18	30	1
4	19	30	1
4	20	30	1
4	22	30	1
4	23	30	1
4	14	31	1
4	15	31	1
4	16	31	1
4	17	31	1
4	18	31	1
4	20	31	1
4	21	31	1
4	22	31	1
4	23	31	1
4	13	32	1
4	14	32	1
4	16	32	1
4	17	32	1
4	18	32	1
4	19	32	1
4	20	32	1
4	21	32	1
4	22	32	1
4	23	32	1
4	26	32	1
4	44	32	1
4	45	32	1
4	8	33	1
4	14	33	1
4	15	33	1
4	17	33	1
4	18	33	1
4	19	33	1
4	20	33	1
4	23	33	1
4	27	33	1
4	44	33	1
4	45	33	1
4	12	34	1
4	15	34	1
4	16	34	1
4	20	34	1
4	22	34	1
4	12	35	1
4	13	35	1
4	14	35	1
4	16	35	1
4	17	35	1
4	19	35	1
4	20	35	1
4	21	35	1
4	22	35	1
4	23	35	1
4	16	36	1
4	17	36	1
4	18	36	1
4	20	36	1
4	23	36	1
4	22	37	1
4	23	37	1
4	12	38	1
4	17	38	1
4	18	38	1
4	19	38	1
4	21	38	1
4	22	38	1
4	3	39	1
4	10	39	1
4	11	39	1
4	12	39	1
4	15	39	1
4	16	39	1
4	18	39	1
4	19	39	1
4	21	39	1
4	22	39	1
4	23	39	1
4	4	40	1
4	6	40	1
4	12	40	1
4	13	40	1
4	15	40	1
4	16	40	1
4	17	40	1
4	19	40	1
4	20	40	1
4	21	40	1
4	22	40	1
4	23	40	1
4	36	40	1
4	37	40	1
4	39	40	1
4	42	40	1
4	14	41	1
4	15	41	1
4	17	41	1
4	20	41	1
4	21	41	1
4	22	41	1
4	23	41	1
4	40	41	1
4	44	41	1
4	45	41	1
4	13	42	1
4	16	42	1
4	17	42	1
4	18	42	1
4	19	42	1
4	20	42	1
4	21	42	1
4	22	42	1
4	12	43	1
4	13	43	1
4	14	43	1
4	15	43	1
4	16	43	1
4	17	43	1
4	18	43	1
4	19	43	1
4	22	43	1
4	12	44	1
4	14	44	1
4	15	44	1
4	16	44	1
4	17	44	1
4	18	44	1
4	19	44	1
4	20	44	1
4	21	44	1
4	22	44	1
4	23	44	1
4	43	44	1
4	12	45	1
4	14	45	1
4	16	45	1
4	19	45	1
4	20	45	1
4	12	46	1
4	15	46	1
4	17	46	1
4	18	46	1
4	19	46	1
4	20	46	1
4	21	46	1
4	22	46	1
4	23	46	1
4	32	46	1
4	12	47	1
4	14	47	1
4	16	47	1
4	17	47	1
4	18	47	1
4	20	47	1
4	21	47	1
4	22	47	1
4	23	47	1
4	31	47	1
4	38	50	1
4	3	52	1
4	15	52	1
4	42	53	1
4	10	54	1
4	2	55	1
4	19	56	1
4	19	58	1
4	41	69	1
4	24	71	1
4	12	72	1
4	13	72	1
4	15	72	1
4	16	72	1
4	17	72	1
4	18	72	1
4	19	72	1
4	20	72	1
4	22	72	1
4	12	73	1
4	13	73	1
4	14	73	1
4	17	73	1
4	18	73	1
4	19	73	1
4	20	73	1
4	22	73	1
4	23	73	1
4	30	73	1
4	16	74	1
4	17	74	1
4	26	75	1
4	9	76	1
4	20	76	1
4	21	76	1
4	3	77	1
4	16	77	1
4	17	77	1
4	18	77	1
4	19	77	1
4	21	77	1
4	14	78	1
4	15	78	1
4	18	78	1
4	22	78	1
4	43	78	1
4	12	79	1
4	13	79	1
4	18	79	1
4	21	79	1
4	22	79	1
4	3	80	1
4	12	80	1
4	13	80	1
4	18	80	1
4	19	80	1
4	20	80	1
4	21	80	1
4	22	80	1
4	23	80	1
4	13	81	1
4	14	81	1
4	15	81	1
4	18	81	1
4	19	81	1
4	20	81	1
4	21	81	1
4	22	81	1
4	20	82	1
4	21	82	1
4	22	82	1
4	12	83	1
4	18	83	1
4	19	83	1
4	20	83	1
4	21	83	1
4	34	84	1
4	7	85	1
4	40	92	1
4	41	92	1
4	44	92	1
4	19	93	1
4	36	93	1
4	38	93	1
4	41	93	1
4	42	93	1
4	44	93	1
0	20	1	1
0	30	61	1
0	30	62	1
0	31	63	1
1	16	5	1
1	28	48	1
1	34	48	1
1	1	68	1
2	34	6	1
2	26	7	1
2	31	7	1
2	26	45	1
2	7	54	1
2	7	55	1
2	3	66	1
2	5	66	1
3	31	9	1
3	13	16	1
3	22	16	1
3	23	16	1
3	13	17	1
3	19	17	1
3	20	17	1
3	16	31	1
3	20	57	1
3	14	58	1
3	17	58	1
3	18	58	1
3	19	58	1
3	16	59	1
3	18	59	1
3	20	59	1
3	21	59	1
3	17	60	1
7	20	1	1
7	34	44	1
7	22	70	1
6	24	36	1
6	25	36	1
6	27	36	1
6	28	36	1
6	31	36	1
6	32	36	1
6	34	36	1
6	24	37	1
6	29	37	1
6	30	37	1
6	31	37	1
6	24	40	1
6	25	40	1
6	26	40	1
6	28	40	1
6	30	40	1
6	31	40	1
6	24	41	1
6	25	41	1
6	26	41	1
6	27	41	1
6	28	41	1
6	29	41	1
6	32	41	1
6	33	41	1
6	24	42	1
6	26	42	1
6	28	42	1
6	29	42	1
6	33	42	1
6	24	43	1
6	25	43	1
6	26	43	1
6	28	43	1
6	29	43	1
6	33	43	1
6	25	44	1
6	30	44	1
6	31	44	1
6	24	45	1
6	28	45	1
6	25	46	1
6	26	46	1
6	27	46	1
6	29	46	1
6	33	46	1
6	24	47	1
6	26	47	1
6	27	47	1
6	28	47	1
6	31	47	1
6	29	59	1
6	26	62	1
6	26	69	1
5	6	2	1
5	3	4	1
5	34	4	1
5	5	5	1
5	6	5	1
5	36	5	1
5	41	5	1
5	3	6	1
5	4	6	1
5	42	6	1
5	8	7	1
5	3	8	1
5	9	9	1
5	6	10	1
5	8	10	1
5	4	13	1
5	36	14	1
5	4	15	1
5	1	18	1
5	3	18	1
5	24	19	1
5	2	20	1
5	7	20	1
5	8	20	1
5	10	20	1
5	24	20	1
5	24	21	1
5	24	22	1
5	24	23	1
5	25	23	1
5	13	24	1
5	14	24	1
5	15	24	1
5	16	24	1
5	17	24	1
5	18	24	1
5	19	24	1
5	20	24	1
5	21	24	1
5	22	24	1
5	23	24	1
5	24	24	1
5	14	25	1
5	15	25	1
5	16	25	1
5	17	25	1
5	18	25	1
5	19	25	1
5	20	25	1
5	22	25	1
5	23	25	1
5	11	29	1
5	11	30	1
5	16	31	1
5	29	31	1
5	1	32	1
5	11	36	1
5	7	39	1
5	7	41	1
5	11	42	1
5	2	46	1
5	44	46	1
5	2	47	1
5	23	65	1
5	24	65	1
5	27	65	1
5	28	65	1
5	23	66	1
5	23	68	1
5	25	68	1
5	27	68	1
5	29	68	1
4	6	1	1
4	18	1	1
4	22	1	1
4	14	2	1
4	15	2	1
4	22	2	1
4	22	3	1
4	24	3	1
4	17	4	1
4	23	4	1
4	40	4	1
4	22	5	1
4	26	5	1
4	18	6	1
4	23	6	1
4	20	8	1
4	13	9	1
4	12	10	1
4	13	10	1
4	14	10	1
4	22	10	1
4	19	11	1
4	14	13	1
4	18	13	1
4	13	14	1
4	17	14	1
4	19	14	1
4	17	15	1
4	18	15	1
4	20	16	1
4	22	17	1
4	20	18	1
4	19	19	1
4	16	20	1
4	20	20	1
4	21	20	1
4	22	20	1
4	41	20	1
4	17	21	1
4	18	21	1
4	19	21	1
4	16	22	1
4	22	22	1
4	20	23	1
4	15	24	1
4	12	26	1
4	17	26	1
4	13	28	1
4	4	29	1
4	14	29	1
4	16	29	1
4	17	29	1
4	15	30	1
4	21	30	1
4	24	30	1
4	19	31	1
4	26	31	1
4	15	32	1
4	12	33	1
4	13	33	1
4	21	33	1
4	13	34	1
4	14	34	1
4	19	34	1
4	21	34	1
4	23	34	1
4	24	34	1
4	44	34	1
4	18	35	1
4	15	36	1
4	19	36	1
4	22	36	1
4	19	37	1
4	16	38	1
4	17	39	1
4	20	39	1
4	18	41	1
4	19	41	1
4	23	42	1
4	20	43	1
4	21	43	1
4	23	43	1
4	18	45	1
4	21	45	1
4	22	45	1
4	23	45	1
4	19	47	1
4	16	57	1
4	40	70	1
4	18	71	1
4	20	77	1
4	37	92	1
4	42	92	1
4	45	92	1
4	37	93	1
4	45	93	1
3	13	59	1
6	29	38	1
6	29	39	1
6	26	44	1
6	27	44	1
6	33	44	1
6	32	45	1
6	33	45	1
6	34	45	1
5	22	14	1
5	19	15	1
5	21	15	1
5	22	15	1
5	12	18	1
5	17	18	1
5	14	19	1
5	16	19	1
5	17	19	1
5	19	20	1
5	21	23	1
4	20	2	1
4	18	11	1
4	22	19	1
4	21	25	1
4	20	27	1
4	20	37	1
1	31	12	1
1	33	12	1
1	25	13	1
1	28	13	1
1	34	13	1
5	17	14	1
5	18	14	1
5	20	14	1
5	21	14	1
5	23	14	1
5	23	15	1
5	14	18	1
5	19	18	1
5	22	18	1
5	12	19	1
5	22	19	1
5	23	19	1
5	16	20	1
5	18	20	1
5	20	20	1
5	12	21	1
5	16	21	1
5	22	21	1
4	18	9	1
1	22	17	1
5	24	2	1
5	45	2	1
5	20	3	1
5	25	3	1
5	26	3	1
5	27	3	1
5	44	3	1
5	45	3	1
5	25	4	1
5	26	4	1
5	27	4	1
5	28	4	1
5	38	4	1
5	39	4	1
5	44	4	1
5	45	4	1
5	26	5	1
5	27	5	1
5	28	5	1
5	38	5	1
5	39	5	1
5	45	5	1
5	29	6	1
5	30	6	1
5	38	6	1
5	39	6	1
5	44	6	1
5	45	6	1
5	36	7	1
5	37	7	1
5	40	7	1
5	44	7	1
5	45	7	1
5	29	8	1
5	36	8	1
5	37	8	1
5	39	8	1
5	40	8	1
5	43	8	1
5	44	8	1
5	45	8	1
5	28	9	1
5	40	9	1
5	43	9	1
5	45	9	1
5	21	27	1
5	24	27	1
5	38	30	1
5	21	31	1
5	22	31	1
5	38	31	1
5	22	32	1
5	23	32	1
5	34	32	1
5	20	33	1
5	21	33	1
5	27	33	1
5	32	34	1
5	33	34	1
5	32	35	1
5	14	37	1
5	23	37	1
5	15	38	1
5	20	38	1
5	23	38	1
5	40	38	1
5	15	39	1
5	20	39	1
5	37	39	1
5	44	39	1
5	45	41	1
5	37	42	1
5	38	42	1
5	44	42	1
5	45	42	1
5	26	43	1
5	32	43	1
5	36	43	1
5	40	43	1
5	44	43	1
5	45	43	1
5	23	44	1
5	25	44	1
5	39	44	1
5	40	44	1
5	44	44	1
5	45	44	1
5	22	45	1
5	23	46	1
5	17	47	1
5	22	47	1
5	23	47	1
5	3	49	1
5	41	49	1
5	3	50	1
5	22	50	1
5	26	50	1
5	15	51	1
5	26	51	1
5	27	51	1
5	32	51	1
5	29	53	1
5	37	53	1
5	2	54	1
5	39	54	1
5	40	54	1
5	2	55	1
5	39	55	1
5	40	55	1
5	44	61	1
5	45	61	1
5	3	62	1
5	42	62	1
5	45	62	1
5	45	63	1
5	15	65	1
5	43	70	1
5	8	76	1
5	42	76	1
5	32	77	1
5	38	77	1
5	39	77	1
5	40	77	1
5	42	77	1
5	42	78	1
5	39	79	1
5	40	79	1
5	45	79	1
5	11	80	1
5	44	80	1
5	35	81	1
5	14	84	1
5	13	85	1
5	14	85	1
5	15	85	1
5	14	86	1
5	15	86	1
5	32	86	1
5	33	86	1
5	34	86	1
5	32	87	1
5	33	87	1
5	34	87	1
5	3	88	1
5	33	88	1
5	34	88	1
5	3	89	1
5	4	89	1
5	5	89	1
4	10	2	1
4	27	3	1
4	28	3	1
4	6	4	1
4	7	5	1
4	7	6	1
4	9	6	1
4	10	6	1
4	38	9	1
4	10	14	1
4	10	17	1
4	10	18	1
4	10	19	1
4	9	20	1
4	39	21	1
4	38	22	1
4	2	25	1
4	26	25	1
4	32	25	1
4	7	30	1
4	6	31	1
4	7	31	1
4	9	31	1
4	10	36	1
4	2	37	1
4	10	37	1
4	44	37	1
4	45	37	1
4	33	38	1
4	43	38	1
4	32	39	1
4	33	39	1
4	44	39	1
4	33	40	1
4	10	41	1
4	9	43	1
4	10	43	1
4	10	44	1
4	32	44	1
4	45	45	1
4	5	47	1
4	36	48	1
4	37	48	1
4	38	48	1
4	39	48	1
4	36	49	1
4	12	50	1
4	13	50	1
4	15	50	1
4	19	50	1
4	22	50	1
4	36	50	1
4	45	50	1
4	22	51	1
4	23	51	1
4	36	52	1
4	37	52	1
4	38	52	1
4	38	53	1
4	39	53	1
4	44	53	1
4	45	53	1
4	16	54	1
4	18	54	1
4	20	54	1
4	23	54	1
4	28	54	1
4	29	54	1
4	26	55	1
4	28	55	1
4	14	56	1
4	21	56	1
4	22	56	1
4	23	56	1
4	21	57	1
4	23	57	1
4	39	60	1
4	3	61	1
4	13	61	1
4	19	61	1
4	27	61	1
4	20	62	1
4	21	62	1
4	26	62	1
4	40	62	1
4	36	63	1
4	37	63	1
4	39	63	1
4	16	64	1
4	33	64	1
4	36	64	1
4	37	64	1
4	14	65	1
4	10	66	1
4	33	66	1
4	35	66	1
4	3	67	1
4	32	67	1
4	33	67	1
4	34	67	1
4	37	67	1
4	32	68	1
4	33	68	1
4	34	68	1
4	35	68	1
4	32	69	1
4	34	69	1
4	44	74	1
4	44	75	1
4	45	75	1
4	31	80	1
4	31	81	1
4	25	87	1
4	45	87	1
0	9	3	1
4	8	5	1
4	8	12	1
4	9	13	1
4	44	13	1
4	10	15	1
4	10	20	1
4	10	22	1
4	39	22	1
4	39	23	1
4	32	24	1
4	25	25	1
4	31	25	1
4	26	27	1
4	30	29	1
4	8	31	1
4	27	35	1
4	8	36	1
4	9	36	1
4	8	37	1
4	26	37	1
4	43	37	1
4	34	38	1
4	44	38	1
4	31	39	1
4	9	41	1
4	33	41	1
4	33	43	1
4	3	45	1
4	4	45	1
4	10	45	1
4	36	47	1
4	35	48	1
4	16	49	1
4	18	49	1
4	35	49	1
4	13	51	1
4	18	51	1
4	20	51	1
4	32	53	1
4	37	53	1
4	21	54	1
4	22	54	1
4	13	55	1
4	14	55	1
4	16	55	1
4	17	55	1
4	29	55	1
4	13	57	1
4	38	60	1
4	2	61	1
4	15	61	1
4	26	61	1
4	38	62	1
4	17	63	1
4	38	63	1
4	41	63	1
4	42	63	1
4	43	63	1
4	11	64	1
4	32	64	1
4	37	65	1
4	38	65	1
4	39	65	1
4	2	66	1
4	9	66	1
4	32	66	1
4	9	67	1
4	20	67	1
4	25	67	1
4	26	67	1
4	33	69	1
4	12	70	1
4	44	72	1
4	44	73	1
4	45	74	1
4	44	76	1
4	45	76	1
4	25	82	1
4	16	86	1
			
			
			
			
			
			
			
			
			
			
			
			
			
			
			
			
			
			
			
			
			
			
			
			
			
			
			
			
			
			
			
			
			
			
			
			
			
			
			
			
			
			
			
			
			
			
			
			
			
			
			
			
			
			
			
			
			
			
			
			
			
			
			
			
			
			
			
			
			
			
			
			
			
			
			
			
			
			
			
			
			
			
			
			
			
			
			
			
			
			
			
			
			
			
			
			
			
			
			
			
			
			
			
			
			
			
			
			
			
			
			
			
			
			
			
			
			
			
			
			
			
			
			
			
			
			
			
			
			
			
			
			
			
			
			
			
			
			
			
			
			
			
			
			
			
			
			
			
			
			
			
			
			
			
			
			
			
			
			
			
			
			
			
			
			
			
			
			
			
			
			
			
			
			
			
			
			
			
			
			
			
			
			
			
			
			
			
			
			
			
			
			
			
			
			
			
			
			
			
			
			
			
			
			
			
			
			
			
			
			
			
			
			
			
			
			
			
			
			
			
			
			
			
			
			
			
			
			
			
			
			
			
			
			
			
			
			
			
			
			
			
			
			
			
			
			
			
			
			
			
			
			
			
			
			
			
			
			
			
			
			
			
			
			
			
			
			
			
			
			
			
			
			
			
			
			
			
			
			
			
			
			
			
			
			
			
			
			
			
			
			
			
			
			
			
			
			
			
			
			
			
			
			
			
			
			
			
			
			
			
			
			
			
			
			
			
			
			
			
			
			
			
			
			
			
			
			
			
			
			
			
			
			
			
			
			
			
			
			
			
			
			
			
			
			
			
			
			
			
			
			
			
			
			
			
			
			
			
			
			
			
			
			
			
			
			
			
			
			
			
			
			
			
			
			
			
			
			
			
			
			
			
			
			
			
			
			
			
			
			
			
			
			
			
			
			
			
			
			
			
			
			
			
			
			
			
			
			
			
			
			
			
			
			
			
			
			
			
			
			
			
			
			
			
			
			
			
			
			
			
			
			
			
			
			
			
			
			
			
			
			
			
			
			
			
			
			
			
			
			
			
			
			
			
			
			
			
			
			
			
			
			
			
			
			
			
			
			
			
			
			
			
			
			
			
			
			
			
			
			
			
			
			
			
			
			
			
			
			
			
			
			
			
			
			
			
			
			
			
			
			
			
			
			
			
			
			
			
			
			
			
			
			
			
			
			
			
			
			
			
			
			
			
			
			
			
			
			
			
			
			
			
			
			
			
			
			
			
			
			
			
			
			
			
			
			
			
			
			
			
			
			
			
			
			
			
			
			
			
			
			
			
			
			
			
			
			
			
			
			
			
			
			
			
			
			
			
			
			
			
			
			
			
			
			
			
			
			
			
			
			
			
			
			
			
			
			
			
			
			
			
			
			
			
			
			
			
			
			
			
			
			
			
			
			
			
			
			
			
			
			
			
			
			
			
			
			
			
			
			
			
			
			
			
			
			
			
			
			
			
			
			
			
			
			
			
			
			
			
			
			
			
			
			
			
			
			
			
			
			
			
			
			
			
			
			
			
			
			
			
			
			
			
			
			
			
			
			
			
			
			
			
			
			
			
			
			
			
			
			
			
			
			
			
			
			
			
			
			
			
			
			
			
			
			
			
			
			
			
			
			
			
			
			
			
			
			
			
			
			
			
			
			
			
			
			
			
			
			
			
			
			
			
			
			
			
			
			
			
			
			
			
			
			
			
			
			
			
			
			
			
			
			
			
			
			
			
			
			
			
			
			
			
			
			
			
			
			
			
			
			
			
			
			
			
			
			
			
			
			
			
			
			
			
			
			
			
			
			
			
			
			
			
			
			
			
			
			
			
			
			
			
			
			
			
			
			
			
			
			
			
			
			
			
			
			
			
			
			
			
			
			
			
			
			
			
			
			
			
			
			
			
			
			
			
			
			
			
			
			
			
			
			
			
			
			
			
			
			
			
			
			
			
			
			
			
			
			
			
			
			
			
			
			
			
			
			
			
			
			
			
			
			
			
			
			
			
			
			
			
			
			
			
			
			
			
			
			
			
			
			
			
			
			
			
			
			
			
			
			
			
			
			
			
			
			
			
			
			
			
			
			
			
			
			
			
			
			
			
			
			
			
			
