1280 
1360 
1440 
1520 
2880 
2960 
3040 
3120 
1281 
1361 
1441 
1521 
3041 
3121 
0 
160 
320 
480 
560 
640 
720 
800 
1600 
1760 
1920 
2080 
2240 
2400 
2480 
2882 
2962 
3042 
3122 
1363 
1443 
1523 
2883 
2963 
3043 
3123 
562 
960 
1040 
1120 
1200 
2560 
2640 
2720 
2800 
2884 
2964 
3044 
3124 
961 
1041 
1121 
1201 
2083 
2403 
2561 
2641 
2721 
2801 
2885 
2965 
3045 
3125 
1526 
2886 
2966 
3046 
3126 
2887 
2967 
3047 
3127 
2888 
2968 
3048 
3128 
2889 
2969 
3049 
3129 
2566 
2646 
2726 
2806 
2890 
2970 
3050 
3130 
2089 
2567 
2647 
2727 
2807 
2891 
2971 
3051 
3131 
2568 
2648 
2728 
2808 
2892 
2972 
3052 
3132 
11 
1931 
2171 
2569 
2649 
2729 
2809 
2893 
2973 
3053 
3133 
2570 
2650 
2730 
2810 
2894 
2974 
3054 
3134 
1211 
2571 
2651 
2731 
2811 
2895 
2975 
3055 
3135 
2094 
2572 
2652 
2732 
2812 
2896 
2976 
3056 
3136 
1695 
2573 
2653 
2733 
2813 
2897 
2977 
3057 
3137 
2574 
2654 
2734 
2814 
2898 
2978 
3058 
3138 
2575 
2655 
2735 
2815 
2899 
2979 
3059 
3139 
2576 
2656 
2736 
2816 
2900 
2980 
3060 
3140 
2577 
2657 
2737 
2817 
2901 
2981 
3061 
3141 
2260 
2578 
2658 
2738 
2818 
2902 
2982 
3062 
3142 
2579 
2659 
2739 
2819 
2903 
2983 
3063 
3143 
342 
2580 
2660 
2740 
2820 
2904 
2984 
3064 
3144 
2581 
2661 
2741 
2821 
2905 
2985 
3065 
3145 
1704 
2582 
2662 
2742 
2822 
2906 
2986 
3066 
3146 
2583 
2663 
2743 
2823 
2907 
2987 
3067 
3147 
2584 
2664 
2744 
2824 
2908 
2988 
3068 
3148 
2507 
2585 
2665 
2745 
2825 
2909 
2989 
3069 
3149 
668 
748 
828 
908 
1708 
2108 
2188 
2586 
2666 
2746 
2826 
2910 
2990 
3070 
3150 
2587 
2667 
2747 
2827 
2911 
2991 
3071 
3151 
110 
2588 
2668 
2748 
2828 
2912 
2992 
3072 
3152 
1473 
1711 
2431 
2589 
2669 
2749 
2829 
2913 
2993 
3073 
3153 
912 
2590 
2670 
2750 
2830 
2914 
3074 
3154 
2591 
2671 
2751 
2831 
3075 
3155 
2592 
2672 
2752 
2832 
3076 
3156 
35 
2593 
2673 
2753 
2833 
3077 
3157 
36 
116 
196 
1636 
1716 
1796 
1876 
2036 
2594 
2674 
2754 
2834 
3078 
3158 
2595 
2675 
2755 
2835 
3079 
3159 
2358 
2596 
2676 
2756 
2836 
3080 
3160 
39 
359 
679 
997 
1077 
1321 
1639 
1719 
1799 
1879 
1959 
2039 
2119 
2199 
2279 
2359 
2439 
2519 
2597 
2677 
2757 
2837 
2921 
3081 
3161 
1640 
1800 
1960 
2922 
3002 
3082 
3162 
2923 
3003 
3083 
3163 
2924 
3004 
3084 
3164 
2925 
3005 
3085 
3165 
2926 
3006 
3086 
3166 
2927 
3007 
3087 
3167 
2928 
3008 
3088 
3168 
2047 
2929 
3009 
3089 
3169 
2686 
2766 
2846 
3010 
3090 
3170 
2687 
2767 
3091 
3171 
50 
2688 
2768 
3092 
3172 
2689 
2769 
3093 
3173 
2610 
2690 
2770 
2850 
2934 
3014 
3094 
3174 
2611 
2691 
2771 
2851 
2935 
3015 
3095 
3175 
614 
2612 
2692 
2772 
2852 
2936 
3016 
3096 
3176 
1735 
1815 
1895 
1975 
2055 
2135 
2215 
2295 
2455 
2535 
2613 
2693 
2773 
2853 
2937 
3017 
3097 
3177 
1014 
1094 
1174 
1254 
1338 
1418 
1498 
1578 
2938 
3018 
3098 
3178 
1015 
1095 
1175 
1255 
1339 
1419 
1499 
1579 
2939 
3019 
3099 
3179 
1016 
1096 
1176 
1256 
1340 
1420 
1500 
1580 
2940 
3020 
3100 
3180 
139 
219 
379 
699 
779 
1017 
1097 
1177 
1257 
1341 
1421 
1501 
1581 
2059 
2941 
3021 
3101 
3181 
60 
2618 
2698 
2778 
2858 
2942 
3022 
3102 
3182 
2619 
2699 
2779 
2859 
2943 
3023 
3103 
3183 
2620 
2700 
2780 
2860 
2944 
3024 
3104 
3184 
2621 
2701 
2781 
2861 
2945 
3025 
3105 
3185 
464 
624 
2622 
2702 
2782 
2862 
2946 
3026 
3106 
3186 
2623 
2703 
2783 
2863 
2947 
3027 
3107 
3187 
1184 
2624 
2704 
2784 
2864 
2948 
3028 
3108 
3188 
1907 
2625 
2705 
2785 
2865 
2949 
3029 
3109 
3189 
708 
2626 
2706 
2786 
2866 
2950 
3030 
3110 
3190 
2627 
2707 
2787 
2867 
2951 
3031 
3111 
3191 
2628 
2708 
2788 
2868 
2952 
3032 
3112 
3192 
1353 
2629 
2709 
2789 
2869 
2953 
3033 
3113 
3193 
2630 
2710 
2790 
2870 
2954 
3034 
3114 
3194 
2631 
2711 
2791 
2871 
2955 
3035 
3115 
3195 
1516 
1596 
2632 
2712 
2792 
2872 
2956 
3036 
3116 
3196 
2633 
2713 
2793 
2873 
2957 
3037 
3117 
3197 
1358 
1438 
1518 
1598 
2634 
2714 
2794 
2874 
2958 
3038 
3118 
3198 
1359 
1439 
1519 
1599 
2635 
2715 
2795 
2875 
2959 
3039 
3119 
3199 
2636 
2716 
2796 
2876 
2637 
2717 
2797 
2877 
8960 
9040 
9120 
9200 
8961 
9041 
9121 
9201 
6400 
6560 
6720 
6880 
7040 
7200 
8000 
8160 
8320 
8480 
8640 
8800 
8880 
6562 
7680 
7760 
7840 
7920 
9280 
9360 
9440 
9520 
7681 
7761 
7841 
7921 
9281 
9361 
9441 
9521 
7762 
7842 
7922 
8484 
8966 
9046 
9126 
9206 
9282 
9362 
9442 
9522 
6725 
7923 
8967 
9047 
9127 
9207 
9283 
9363 
9443 
9523 
6406 
6486 
6566 
6726 
8968 
9048 
9128 
9208 
9284 
9364 
9444 
9524 
7845 
7925 
8969 
9049 
9129 
9209 
9285 
9365 
9445 
9525 
8970 
9050 
9130 
9210 
9286 
9366 
9446 
9526 
7847 
7927 
8649 
8971 
9051 
9131 
9211 
9287 
9367 
9447 
9527 
8972 
9052 
9132 
9212 
9288 
9368 
9448 
9528 
7769 
7929 
8973 
9053 
9133 
9213 
9289 
9369 
9449 
9529 
8652 
8974 
9054 
9134 
9214 
9290 
9370 
9450 
9530 
7615 
8975 
9055 
9135 
9215 
9291 
9371 
9451 
9531 
8976 
9056 
9136 
9216 
9292 
9372 
9452 
9532 
8977 
9057 
9137 
9217 
9293 
9373 
9453 
9533 
8496 
8978 
9058 
9138 
9218 
9294 
9374 
9454 
9534 
8979 
9059 
9139 
9219 
9295 
9375 
9455 
9535 
8980 
9060 
9140 
9220 
9296 
9376 
9456 
9536 
8981 
9061 
9141 
9221 
9297 
9377 
9457 
9537 
8982 
9062 
9142 
9222 
9298 
9378 
9458 
9538 
8983 
9063 
9143 
9223 
9299 
9379 
9459 
9539 
8984 
9064 
9144 
9224 
9300 
9380 
9460 
9540 
6503 
6663 
8985 
9065 
9145 
9225 
9301 
9381 
9461 
9541 
8986 
9066 
9146 
9226 
9302 
9382 
9462 
9542 
6505 
6585 
6665 
6745 
6825 
6905 
6985 
7943 
8987 
9067 
9147 
9227 
9303 
9383 
9463 
9543 
8746 
8988 
9068 
9148 
9228 
9304 
9384 
9464 
9544 
6587 
8989 
9069 
9149 
9229 
9305 
9385 
9465 
9545 
8990 
9070 
9150 
9230 
9306 
9386 
9466 
9546 
8991 
9071 
9151 
9231 
9307 
9387 
9467 
9547 
8992 
9072 
9152 
9232 
9308 
9388 
9468 
9548 
7709 
8993 
9073 
9153 
9233 
9309 
9389 
9469 
9549 
8994 
9074 
9154 
9234 
9310 
9390 
9470 
9550 
8995 
9075 
9155 
9235 
9311 
9391 
9471 
9551 
8996 
9076 
9156 
9236 
9312 
9392 
9472 
9552 
8997 
9077 
9157 
9237 
9313 
9393 
9473 
9553 
8436 
8596 
9314 
9474 
9554 
7955 
9475 
9555 
8038 
9396 
9476 
9556 
6599 
8039 
8119 
8199 
8279 
8359 
8439 
8519 
8599 
8679 
8759 
8839 
8919 
9477 
9557 
8040 
8200 
8360 
9478 
9558 
9399 
9479 
9559 
9480 
9560 
6523 
9481 
9561 
8684 
9006 
9086 
9166 
9246 
9322 
9402 
9482 
9562 
9087 
9167 
9323 
9403 
9483 
9563 
9088 
9168 
9324 
9404 
9484 
9564 
9089 
9169 
9325 
9405 
9485 
9565 
7726 
9010 
9090 
9170 
9250 
9326 
9406 
9486 
9566 
9011 
9091 
9171 
9251 
9327 
9407 
9487 
9567 
9012 
9092 
9172 
9252 
9328 
9408 
9488 
9568 
7413 
7729 
7809 
9013 
9093 
9173 
9253 
9329 
9409 
9489 
9569 
7414 
7494 
7574 
7654 
9410 
9490 
9570 
7415 
7495 
7575 
7655 
9491 
9571 
7416 
7496 
7576 
7656 
9492 
9572 
7417 
7497 
7577 
7657 
8855 
9493 
9573 
9018 
9098 
9178 
9258 
9334 
9414 
9494 
9574 
9019 
9099 
9179 
9259 
9335 
9415 
9495 
9575 
7816 
9020 
9100 
9180 
9260 
9336 
9416 
9496 
9576 
9021 
9101 
9181 
9261 
9337 
9417 
9497 
9577 
7738 
7818 
7898 
7978 
9022 
9102 
9182 
9262 
9338 
9418 
9498 
9578 
7739 
7819 
7899 
7979 
9023 
9103 
9183 
9263 
9339 
9419 
9499 
9579 
7740 
7820 
7900 
7980 
9024 
9104 
9184 
9264 
9340 
9420 
9500 
9580 
7741 
7821 
7901 
7981 
9025 
9105 
9185 
9265 
9341 
9421 
9501 
9581 
7666 
8304 
9026 
9106 
9186 
9266 
9342 
9422 
9502 
9582 
8145 
8225 
8305 
8465 
9027 
9107 
9187 
9267 
9343 
9423 
9503 
9583 
9028 
9108 
9188 
9268 
9344 
9424 
9504 
9584 
6867 
6947 
9029 
9109 
9189 
9269 
9345 
9425 
9505 
9585 
9030 
9110 
9190 
9270 
9346 
9426 
9506 
9586 
9031 
9111 
9191 
9271 
9347 
9427 
9507 
9587 
8470 
8550 
9032 
9112 
9192 
9272 
9348 
9428 
9508 
9588 
9033 
9113 
9193 
9273 
9349 
9429 
9509 
9589 
9034 
9114 
9194 
9274 
9350 
9430 
9510 
9590 
9035 
9115 
9195 
9275 
9351 
9431 
9511 
9591 
9036 
9116 
9196 
9276 
9352 
9432 
9512 
9592 
9037 
9117 
9197 
9277 
9353 
9433 
9513 
9593 
6476 
7438 
7518 
7598 
7678 
9038 
9118 
9198 
9278 
9354 
9434 
9514 
9594 
7439 
7519 
7599 
7679 
9039 
9119 
9199 
9279 
9355 
9435 
9515 
9595 
9356 
9436 
9516 
9596 
6479 
9357 
9437 
9517 
9597 
7758 
7838 
7918 
7998 
9358 
9438 
9518 
9598 
7759 
7839 
7919 
7999 
9359 
9439 
9519 
9599 
4160 
4240 
4320 
4400 
5760 
5840 
5920 
6000 
4161 
4241 
4321 
4401 
5761 
5841 
5921 
6001 
3360 
4080 
4800 
4880 
5200 
5440 
5520 
5680 
4480 
4560 
4640 
4720 
6080 
6160 
6240 
6320 
4481 
4561 
4641 
4721 
5283 
6081 
6161 
6241 
6321 
4884 
5124 
5284 
6082 
6242 
6322 
3365 
6243 
6323 
5286 
6244 
6324 
3207 
6245 
6325 
6246 
6326 
4411 
6247 
6327 
6248 
6328 
4891 
5691 
6249 
6329 
5612 
5692 
6250 
6330 
4175 
4255 
4415 
5693 
6251 
6331 
4176 
4256 
4416 
6252 
6332 
4177 
4257 
4337 
4417 
4975 
5055 
6253 
6333 
6254 
6334 
4817 
6255 
6335 
3218 
3298 
3378 
3458 
3538 
3618 
3698 
3778 
3858 
3938 
4018 
4098 
4180 
4260 
4340 
4420 
4496 
4576 
4656 
4736 
4818 
4898 
4978 
5058 
5138 
5218 
5298 
5378 
5458 
5538 
5618 
5698 
5780 
5860 
5940 
6020 
6096 
6176 
6256 
6336 
4497 
5139 
6257 
6337 
6022 
6098 
6178 
6258 
6338 
4499 
4579 
4659 
4739 
6099 
6179 
6259 
6339 
4500 
4660 
4740 
6100 
6180 
6260 
6340 
4501 
4581 
4661 
4741 
6101 
6181 
6261 
6341 
6262 
6342 
3225 
3305 
3385 
6263 
6343 
4826 
4906 
4986 
5066 
5146 
5226 
5306 
5386 
5466 
5546 
5626 
5706 
6264 
6344 
6265 
6345 
5790 
5870 
5950 
6030 
6106 
6186 
6266 
6346 
4271 
5791 
5871 
5951 
6031 
6107 
6187 
6267 
6347 
5792 
5872 
5952 
6032 
6108 
6188 
6268 
6348 
3551 
4831 
5711 
5793 
5873 
5953 
6033 
6109 
6189 
6269 
6349 
4194 
4274 
4354 
4434 
5794 
5874 
5954 
6034 
6110 
6190 
6270 
6350 
3233 
4195 
4275 
4355 
4435 
5795 
5875 
5955 
6035 
6111 
6191 
6271 
6351 
4196 
4276 
4356 
4436 
4834 
4914 
4994 
5074 
5154 
5234 
5314 
5394 
5474 
5554 
5634 
5714 
5796 
5876 
5956 
6036 
6112 
6192 
6272 
6352 
4197 
4277 
4357 
4437 
5797 
5877 
5957 
6037 
6113 
6193 
6273 
6353 
3396 
4036 
4198 
4278 
4358 
4438 
4754 
5798 
5878 
5958 
6038 
6114 
6194 
6274 
6354 
4199 
4279 
4359 
4439 
4917 
4997 
5317 
5799 
5879 
5959 
6039 
6115 
6195 
6275 
6355 
4200 
4280 
4360 
4440 
4838 
5638 
5800 
5880 
5960 
6040 
6116 
6196 
6276 
6356 
3319 
3799 
3959 
4039 
4201 
4281 
4361 
4441 
4839 
4919 
4999 
5079 
5159 
5239 
5319 
5399 
5479 
5559 
5639 
5719 
5801 
5881 
5961 
6041 
6117 
6197 
6277 
6357 
4518 
4598 
4678 
4758 
4840 
4920 
5560 
5720 
5802 
5882 
5962 
6042 
6118 
6198 
6278 
6358 
4519 
4599 
4679 
4759 
4841 
4921 
5001 
5081 
5161 
5241 
5321 
5401 
5481 
5561 
5641 
5721 
5803 
5883 
5963 
6043 
6119 
6199 
6279 
6359 
4520 
4600 
4680 
4760 
5804 
5884 
5964 
6044 
6120 
6200 
6280 
6360 
4521 
4601 
4681 
4761 
4843 
5643 
5805 
5885 
5965 
6045 
6121 
6201 
6281 
6361 
4522 
4602 
4682 
4762 
5806 
5886 
5966 
6046 
6122 
6202 
6282 
6362 
4523 
4603 
4683 
4763 
5807 
5887 
5967 
6047 
6123 
6203 
6283 
6363 
4524 
4604 
4684 
4764 
5166 
5808 
5888 
5968 
6048 
6124 
6204 
6284 
6364 
4525 
4605 
4685 
4765 
5809 
5889 
5969 
6049 
6125 
6205 
6285 
6365 
4048 
6126 
6206 
6286 
6366 
6287 
6367 
6288 
6368 
6289 
6369 
6290 
6370 
6291 
6371 
4134 
4216 
4854 
4934 
5014 
5094 
6292 
6372 
6293 
6373 
3256 
3336 
3416 
3496 
3576 
3736 
3896 
3976 
4056 
4136 
5256 
6294 
6374 
4857 
4937 
5017 
5097 
5177 
5257 
5337 
5417 
5497 
5577 
5657 
5737 
6295 
6375 
3258 
3338 
3418 
3578 
3818 
3898 
3978 
4058 
4138 
6296 
6376 
6297 
6377 
4222 
4302 
4382 
4462 
5822 
5902 
5982 
6062 
6138 
6218 
6298 
6378 
3421 
4061 
4223 
4303 
4383 
4463 
4699 
5341 
5501 
5823 
5903 
5983 
6063 
6139 
6219 
6299 
6379 
4224 
4304 
4384 
4464 
5824 
5904 
5984 
6064 
6140 
6220 
6300 
6380 
4225 
4305 
4385 
4465 
5423 
5825 
5905 
5985 
6065 
6141 
6221 
6301 
6381 
4226 
4306 
4386 
4466 
6302 
6382 
4227 
4307 
4387 
4467 
6303 
6383 
4228 
4308 
4388 
4468 
6304 
6384 
4229 
4309 
4389 
4469 
5267 
6305 
6385 
4546 
4626 
4706 
4786 
6306 
6386 
4547 
4627 
4707 
4787 
6307 
6387 
4548 
4628 
4708 
4788 
6308 
6388 
4549 
4629 
4709 
4789 
6309 
6389 
4550 
4630 
4710 
4790 
6310 
6390 
4551 
4631 
4711 
4791 
5433 
6311 
6391 
4552 
4632 
4712 
4792 
6312 
6392 
4553 
4633 
4713 
4793 
6233 
6313 
6393 
4238 
4318 
4398 
4478 
5356 
5838 
5918 
5998 
6078 
6314 
6394 
4239 
4319 
4399 
4479 
5839 
5919 
5999 
6079 
6315 
6395 
6316 
6396 
4557 
6317 
6397 
6158 
6238 
6318 
6398 
4559 
4639 
4719 
4799 
6159 
6239 
6319 
6399 
12640 
12720 
10881 
12641 
12721 
9760 
10480 
11200 
11280 
11600 
11920 
12080 
12482 
12562 
12642 
12722 
9601 
9681 
9761 
9841 
9921 
10001 
10081 
10161 
10241 
10321 
10401 
10481 
10883 
10963 
11043 
11123 
11201 
11281 
11361 
11441 
11521 
11601 
11681 
11761 
11841 
11921 
12001 
12081 
12483 
12563 
12643 
12723 
10560 
10640 
10720 
10800 
12160 
12240 
12320 
12400 
12644 
12724 
10561 
10641 
10721 
10801 
10885 
11363 
12161 
12241 
12321 
12401 
12645 
12725 
10244 
12646 
12726 
11685 
12647 
12727 
9766 
12648 
12728 
12649 
12729 
9688 
12650 
12730 
12651 
12731 
11210 
11290 
11370 
11450 
11530 
11610 
11690 
11770 
12652 
12732 
12653 
12733 
12654 
12734 
12655 
12735 
12656 
12736 
12657 
12737 
12498 
12578 
12658 
12738 
10575 
10655 
10735 
10815 
10899 
10979 
11059 
12499 
12579 
12659 
12739 
10576 
10656 
10736 
10816 
10900 
10980 
11060 
11140 
12500 
12580 
12660 
12740 
10577 
10657 
10737 
10817 
10901 
10981 
11061 
11141 
12501 
12581 
12661 
12741 
9620 
12662 
12742 
11143 
12663 
12743 
9622 
10502 
12664 
12744 
10581 
10661 
12665 
12745 
12506 
12586 
12666 
12746 
12507 
12587 
12667 
12747 
11226 
11306 
11386 
11466 
11546 
11626 
11706 
11786 
11866 
11946 
12026 
12106 
12508 
12588 
12668 
12748 
12509 
12589 
12669 
12749 
12510 
12590 
12670 
12750 
12511 
12591 
12671 
12751 
11072 
11152 
12512 
12592 
12672 
12752 
12513 
12593 
12673 
12753 
12190 
12270 
12350 
12430 
12514 
12594 
12674 
12191 
12271 
12351 
12431 
12515 
12595 
12675 
12755 
11234 
11314 
11394 
11474 
11554 
11634 
11714 
11794 
11874 
11954 
12034 
12114 
12192 
12272 
12352 
12432 
12516 
12596 
12676 
12756 
12193 
12273 
12353 
12433 
12517 
12597 
12677 
12757 
10276 
10594 
10674 
10754 
10834 
10918 
10998 
11078 
11158 
12194 
12274 
12354 
12434 
12518 
12598 
12678 
12758 
10595 
10675 
10755 
10835 
10919 
10999 
11079 
11159 
12117 
12195 
12275 
12355 
12435 
12519 
12599 
12679 
12759 
10438 
10596 
10676 
10756 
10836 
10920 
11000 
11080 
11160 
11238 
12038 
12196 
12276 
12356 
12436 
12520 
12600 
12680 
12760 
9719 
9879 
9959 
10039 
10279 
10359 
10439 
10597 
10677 
10757 
10837 
10921 
11001 
11081 
11161 
11239 
11319 
11399 
11479 
11559 
11639 
11719 
11799 
11879 
11959 
12039 
12119 
12197 
12277 
12357 
12437 
12521 
12601 
12681 
12761 
10598 
10678 
10758 
10838 
10922 
11002 
11082 
11162 
11240 
11320 
12120 
12198 
12278 
12358 
12438 
12522 
12602 
12682 
12762 
10599 
10679 
10759 
10839 
10923 
11003 
11083 
11163 
11241 
11321 
11401 
11481 
11561 
11641 
11721 
11801 
11881 
11961 
12041 
12121 
12199 
12279 
12359 
12439 
12523 
12603 
12683 
12763 
10600 
10680 
10760 
10840 
10924 
11004 
11084 
11164 
12042 
12200 
12280 
12360 
12440 
12524 
12604 
12684 
12764 
10601 
10681 
10761 
10841 
10925 
11005 
11085 
11165 
12043 
12201 
12281 
12361 
12441 
12525 
12605 
12685 
12765 
10364 
12202 
12282 
12362 
12442 
12526 
12606 
12686 
12766 
12203 
12283 
12363 
12443 
12527 
12687 
12767 
11406 
11486 
12204 
12284 
12364 
12444 
12528 
12688 
12768 
12205 
12285 
12365 
12445 
12529 
12689 
12769 
12206 
12286 
12366 
12446 
12530 
12690 
12770 
12207 
12287 
12367 
12447 
12691 
12771 
12208 
12288 
12368 
12448 
12692 
12772 
11251 
12209 
12289 
12369 
12449 
12693 
12773 
12614 
12694 
12774 
12695 
12775 
9734 
12696 
12776 
12697 
12777 
10296 
10376 
10456 
10536 
11656 
12538 
12618 
12698 
12778 
11257 
11337 
11417 
11497 
11577 
11657 
11737 
11817 
11897 
11977 
12057 
12137 
12539 
12619 
12699 
12779 
9978 
10058 
10138 
10218 
11578 
12540 
12620 
12700 
12780 
12541 
12621 
12701 
12781 
12702 
12782 
12703 
12783 
12544 
12704 
12784 
12705 
12785 
10384 
10622 
10702 
10782 
10862 
10946 
11026 
11106 
11186 
12222 
12302 
12382 
12462 
12706 
12786 
10623 
10703 
10783 
10863 
10947 
11027 
11107 
11187 
12223 
12303 
12383 
12463 
12707 
12787 
10624 
10704 
10784 
10864 
10948 
11028 
11108 
11188 
12224 
12304 
12384 
12464 
12708 
12788 
10625 
10705 
10785 
10865 
10949 
11029 
11109 
11189 
12225 
12305 
12385 
12465 
12709 
12789 
10626 
10706 
10786 
10866 
10950 
11030 
11110 
11190 
12710 
12790 
10627 
10707 
10787 
10867 
10951 
11031 
11111 
11191 
11269 
12711 
12791 
10310 
10390 
10470 
10550 
10628 
10708 
10788 
10868 
10952 
11032 
11112 
11192 
12712 
12792 
10629 
10709 
10789 
10869 
10953 
11033 
11113 
11193 
12713 
12793 
12152 
12714 
12794 
10153 
12715 
12795 
12716 
12796 
10957 
12717 
12797 
10958 
11038 
11118 
11198 
12558 
12638 
12718 
12798 
10959 
11039 
11119 
11199 
12559 
12639 
12719 
12799 
10239 
10638 
10718 
10798 
10878 
12238 
12318 
12398 
12478 
10639 
10719 
10799 
10879 
12239 
12319 
12399 
12479 
